11710 78414,3760333354 11710 78568,2088141121 0,0000000000 0,0000000217 0,0000000000
11711 34543,1243543699 11711 35803,5510270775 0,0000000000 -0,0000000217 0,0000000000
11711 53352,6523128516 11711 60709,0678216141 0,0000000000 0,0000000000 -0,0000000218
11712 10034,6573128516 11712 17391,0728216141 0,0000000000 0,0000000000 0,0000000218
11712 53116,6623128516 11712 60473,0778216141 0,0000000000 0,0000000000 -0,0000000218
11713 9798,6673128516 11713 17155,0828216141 0,0000000000 0,0000000000 0,0000000218
11713 52880,6723128516 11713 60237,0878216141 0,0000000000 0,0000000000 -0,0000000218
11714 9562,6773128516 11714 16919,0928216141 0,0000000000 0,0000000000 0,0000000218
11719 2123,2580869407 11719 2281,1998192309 0,0000000000 -0,0000000217 0,0000000000
11719 44498,1736271986 11719 46070,3748129731 0,0000000000 -0,0000000217 0,0000000000
11720 55194,1273903349 11720 65994,1273903349 0,0000000000 0,0000000000 -0,0000000218
11721 11876,1323903349 11721 22676,1323903349 0,0000000000 0,0000000000 0,0000000218
11721 54958,1373903349 11721 65758,1373903349 0,0000000000 0,0000000000 -0,0000000218
11722 11640,1423903349 11722 22440,1423903349 0,0000000000 0,0000000000 0,0000000218
11726 84318,0865483920 11726 84720,7301558964 0,0000000000 -0,0000000217 0,0000000000
11727 40293,0020886498 11727 42109,9051496385 0,0000000000 -0,0000000217 0,0000000000
11728 49562,9377480965 11728 60362,9377480965 0,0000000000 0,0000000000 -0,0000000218
11729 6244,9427480965 11729 17044,9427480965 0,0000000000 0,0000000000 0,0000000218
11729 49326,9477480965 11729 60126,9477480965 0,0000000000 0,0000000000 -0,0000000218
11730 6008,9527480965 11730 16808,9527480965 0,0000000000 0,0000000000 0,0000000218
11734 61858,6922900721 11734 62857,8884251005 0,0000000000 -0,0000000217 0,0000000000
11735 18540,7375570721 11735 19539,9336921005 0,0000000000 -0,0000000217 0,0000000000
11735 53493,4587866685 11735 60849,8742954309 0,0000000000 0,0000000000 -0,0000000218
11736 10175,4637866685 11736 17531,8792954309 0,0000000000 0,0000000000 0,0000000218
11736 53257,4687866684 11736 60613,8842954309 0,0000000000 0,0000000000 -0,0000000218
11737 9939,4737866684 11737 17295,8892954309 0,0000000000 0,0000000000 0,0000000218
11737 53021,4787866684 11737 60377,8942954309 0,0000000000 0,0000000000 -0,0000000218
11738 9703,4837866684 11738 17059,8992954309 0,0000000000 0,0000000000 0,0000000218